0.010762	0.004238	0	0	0	0	-1.230524	0.295895	130.151733	0.000000	-0.024000	1.016000	0.271416	0.021052	-0.281085	-136.233612	-154.312027	-407.009491	-136.233612	-154.312027	-407.009491	1640	1640	1640	1640
0.036078	0.004027	0	0	0	0	-1.232066	0.306034	130.155502	-0.004000	-0.024000	1.016000	0.428916	0.213552	0.628915	-136.233612	-155.225540	-404.933990	-136.233612	-155.225540	-404.933990	1640	1640	1640	1640
0.060886	0.004043	0	0	0	0	-1.227730	0.307642	130.161453	-0.008000	-0.016000	1.020000	0.411416	-0.346448	-0.053585	-135.313614	-154.312027	-407.009491	-135.313614	-154.312027	-407.009491	1640	1640	1640	1640
0.086157	0.004020	0	0	0	0	-1.228291	0.307285	130.161240	-0.004000	-0.028000	1.016000	0.096416	-0.171448	-0.263585	-136.233612	-154.312027	-407.009491	-136.233612	-154.312027	-407.009491	1640	1640	1640	1640
0.110845	0.004025	0	0	0	0	-1.231063	0.314911	130.160385	-0.012000	-0.024000	1.016000	-0.166084	0.143552	-0.141085	-134.393616	-154.312027	-404.933990	-134.393616	-154.312027	-404.933990	1640	1640	1640	1640
0.135504	0.004020	0	0	0	0	-1.236624	0.318750	130.158890	0.000000	-0.020000	1.020000	-0.323584	0.143552	-0.316085	-135.313614	-154.312027	-405.971741	-135.313614	-154.312027	-405.971741	1640	1640	1640	1640
0.160172	0.004025	0	0	0	0	-1.240059	0.325799	130.160568	-0.008000	-0.024000	1.028000	0.201416	-0.626448	0.348915	-136.233612	-153.398499	-404.933990	-136.233612	-153.398499	-404.933990	1640	1640	1640	1640
0.184912	0.004020	0	0	0	0	-1.238987	0.322532	130.163254	-0.008000	-0.016000	1.020000	0.428916	-0.136448	-0.298585	-137.153610	-153.398499	-404.933990	-137.153610	-153.398499	-404.933990	1640	1640	1640	1640
0.209964	0.004062	0	0	0	0	-1.243529	0.327170	130.161850	-0.008000	-0.024000	1.024000	-0.166084	0.406053	-0.561085	-136.233612	-153.398499	-407.009491	-136.233612	-153.398499	-407.009491	1640	1640	1640	1640
0.234979	0.004023	0	0	0	0	-1.247073	0.323301	130.159821	-0.004000	-0.020000	1.020000	0.236416	0.038552	-0.158585	-135.313614	-154.312027	-407.009491	-135.313614	-154.312027	-407.009491	1640	1640	1640	1640
0.259670	0.004024	0	0	0	0	-1.238140	0.322931	130.160385	-0.004000	-0.020000	1.012000	0.236416	-0.171448	-0.316085	-134.393616	-154.312027	-404.933990	-134.393616	-154.312027	-404.933990	1640	1640	1640	1640
0.284310	0.004027	0	0	0	0	-1.234615	0.329282	130.159943	-0.008000	-0.016000	1.016000	0.271416	-0.153948	-0.368585	-135.313614	-154.312027	-407.009491	-135.313614	-154.312027	-407.009491	1640	1640	1640	1640
0.308931	0.004019	0	0	0	0	-1.240756	0.320037	130.162598	0.000000	-0.024000	1.020000	-0.481084	-0.416448	-0.053585	-136.233612	-153.398499	-405.971741	-136.233612	-153.398499	-405.971741	1640	1640	1640	1640
0.333573	0.004021	0	0	0	0	-1.234860	0.315306	130.159210	0.000000	-0.016000	1.020000	-0.026084	-0.258948	-0.561085	-134.393616	-153.398499	-404.933990	-134.393616	-153.398499	-404.933990	1640	1640	1640	1640
0.358223	0.004023	0	0	0	0	-1.239640	0.323167	130.156357	0.000000	-0.028000	1.012000	0.148916	0.266052	-0.368585	-135.313614	-153.398499	-405.971741	-135.313614	-153.398499	-405.971741	1640	1640	1640	1640
0.382866	0.004024	0	0	0	0	-1.243996	0.326877	130.160599	-0.012000	-0.012000	1.020000	-0.446084	-0.101448	0.348915	-136.233612	-153.398499	-404.933990	-136.233612	-153.398499	-404.933990	1640	1640	1640	1640
0.407477	0.004018	0	0	0	0	-1.245182	0.333019	130.164032	-0.008000	-0.024000	1.016000	0.166416	-0.031447	0.173915	-136.233612	-153.398499	-405.971741	-136.233612	-153.398499	-405.971741	1640	1640	1640	1640
0.432187	0.004035	0	0	0	0	-1.272862	0.328195	130.171997	-0.008033	-0.033676	0.996302	0.078916	-0.223947	0.121415	-134.393616	-154.312027	-405.971741	-140.682678	-151.189835	-405.971924	1640	1640	1640	1640
0.456884	0.004029	0	0	0	0	-1.321823	0.314631	130.186066	-0.007942	-0.039885	0.983306	-0.218584	0.248553	-0.316085	-135.313614	-153.398499	-405.971741	-143.541321	-149.744537	-405.972412	1640	1640	1640	1640
0.481621	0.004104	0	0	0	0	-1.383241	0.299565	130.200943	-0.007761	-0.043135	0.976256	0.026416	0.283553	-0.316085	-135.313614	-154.312027	-405.971741	-144.990005	-148.997070	-405.973114	1640	1640	1640	1640
0.507258	0.004025	0	0	0	0	-1.446420	0.280001	130.221069	-0.007159	-0.044296	0.974521	0.323916	-0.241448	0.173915	-135.313614	-154.312027	-405.971741	-145.259048	-148.885727	-405.973999	1640	1640	1640	1640
0.532385	0.004061	0	0	0	0	-1.503072	0.262964	130.238342	-0.006585	-0.043136	0.976872	0.043916	-0.328948	0.191415	-135.313614	-152.484985	-407.009491	-144.620743	-149.205856	-406.006073	1640	1640	1640	1640
0.557288	0.004024	0	0	0	0	-1.553914	0.249398	130.255630	-0.005940	-0.040505	0.982126	0.253916	-0.276448	-0.088585	-135.313614	-153.398499	-405.971741	-143.356018	-149.776215	-406.005707	1640	1640	1640	1640
0.581928	0.004024	0	0	0	0	-1.588037	0.238415	130.265137	-0.005375	-0.037103	0.988961	0.288916	-0.153948	-0.228585	-135.313614	-154.312027	-404.933990	-141.728409	-150.537598	-405.962921	1640	1640	1640	1640
0.606579	0.004031	0	0	0	0	-1.614846	0.233877	130.276138	-0.004903	-0.033437	0.996417	0.166416	0.073552	0.243915	-136.233612	-153.398499	-405.971741	-139.931793	-151.418137	-405.904510	1640	1640	1640	1640
0.631259	0.004032	0	0	0	0	-1.623215	0.233373	130.277420	-0.004623	-0.029901	1.003619	0.726416	-0.048948	-0.158585	-136.233612	-153.398499	-404.933990	-138.256577	-152.253754	-405.835480	1640	1640	1640	1640
0.656009	0.004023	0	0	0	0	-1.626602	0.234356	130.275726	-0.004368	-0.026901	1.010178	0.008916	0.003552	-0.456085	-135.313614	-153.398499	-405.971741	-136.776245	-152.977280	-405.718719	1640	1640	1640	1640
0.680722	0.004023	0	0	0	0	-1.623035	0.256731	130.271942	-0.004140	-0.024544	1.015778	0.008916	4.553553	-0.298585	-135.313614	-154.312027	-405.971741	-135.542694	-153.583069	-405.644165	1640	1640	1640	1640
0.705382	0.004027	0	0	0	0	-1.612403	0.265108	130.266968	-0.003887	-0.022815	1.019998	-0.061084	0.388552	0.051415	-134.393616	-153.398499	-404.933990	-134.588959	-154.002579	-405.556152	1640	1640	1640	1640
0.730015	0.004019	0	0	0	0	-1.599456	0.275748	130.263123	-0.003667	-0.021658	1.022872	0.043916	0.353552	0.173915	-135.313614	-153.398499	-407.009491	-133.892929	-154.258469	-405.500397	1640	1640	1640	1640
0.754657	0.004023	0	0	0	0	-1.585043	0.284947	130.255585	-0.003965	-0.020781	1.024678	-0.201084	-0.153948	-0.351085	-135.313614	-153.398499	-405.971741	-133.491104	-154.421371	-405.526337	1640	1640	1640	1640
0.779309	0.004021	0	0	0	0	-1.565257	0.295081	130.245743	-0.004849	-0.019882	1.025394	0.323916	-0.066447	-0.193585	-135.313614	-153.398499	-405.971741	-133.343842	-154.465103	-405.583923	1640	1640	1640	1640
0.803949	0.004026	0	0	0	0	-1.549305	0.305563	130.236221	-0.005482	-0.018908	1.025062	-0.253584	-0.083948	-0.351085	-134.393616	-154.312027	-405.971741	-133.390411	-154.460922	-405.610809	1640	1640	1640	1640
0.828608	0.004029	0	0	0	0	-1.530387	0.321187	130.232269	-0.005930	-0.018624	1.023914	0.201416	0.388552	0.016415	-134.393616	-154.312027	-408.047272	-133.518158	-154.445358	-405.715576	1640	1640	1640	1640
0.853981	0.004095	0	0	0	0	-1.517555	0.332402	130.229736	-0.006038	-0.018659	1.022534	-0.428584	-0.486448	-0.106085	-135.313614	-153.398499	-405.971741	-133.697647	-154.326035	-405.821686	1640	1640	1640	1640
0.879454	0.004037	0	0	0	0	-1.497286	0.339947	130.226639	-0.006051	-0.018970	1.021023	0.603916	-0.311448	-0.071085	-134.393616	-153.398499	-404.933990	-133.933380	-154.150528	-405.874329	1640	1640	1640	1640
0.904427	0.004042	0	0	0	0	-1.483174	0.343375	130.225540	-0.006045	-0.019619	1.019423	-0.148584	-0.503948	-0.071085	-134.393616	-153.398499	-405.971741	-134.149231	-153.955505	-405.944458	1640	1640	1640	1640
0.929100	0.004029	0	0	0	0	-1.468151	0.348943	130.226517	-0.005910	-0.020084	1.018162	0.253916	-0.101448	0.278915	-134.393616	-152.484985	-404.933990	-134.331985	-153.734879	-405.977478	1640	1640	1640	1640
0.953765	0.004021	0	0	0	0	-1.459699	0.354192	130.228027	-0.005711	-0.020601	1.016994	-0.183584	-0.031447	0.296415	-134.393616	-155.225540	-405.971741	-134.518250	-153.492401	-405.974762	1640	1640	1640	1640
0.978450	0.004021	0	0	0	0	-1.448272	0.360016	130.225723	-0.005918	-0.020665	1.016192	0.446416	0.283553	0.016415	-135.313614	-154.312027	-405.971741	-134.683060	-153.406219	-405.972809	1640	1640	1640	1640
1.003905	0.004022	0	0	0	0	-1.437487	0.363958	130.226456	-0.006006	-0.020963	1.015688	0.201416	0.248553	0.068915	-135.313614	-152.484985	-404.933990	-134.816238	-153.355804	-405.960785	1640	1640	1640	1640
1.028577	0.004031	0	0	0	0	-1.429735	0.370628	130.227737	-0.005838	-0.021328	1.015716	0.166416	0.231052	0.068915	-135.313614	-153.398499	-405.971741	-134.950439	-153.279877	-405.905579	1640	1640	1640	1640
1.053284	0.004037	0	0	0	0	-1.428768	0.372960	130.223526	-0.005781	-0.021879	1.015950	-0.201084	-0.136448	-0.263585	-134.393616	-153.398499	-407.009491	-135.028534	-153.233154	-405.881042	1640	1640	1640	1640
1.077961	0.004020	0	0	0	0	-1.425442	0.374684	130.225006	-0.005772	-0.022729	1.015972	-0.166084	0.126053	0.331415	-133.473618	-153.398499	-404.933990	-135.006012	-153.212234	-405.887177	1640	1640	1640	1640
1.102582	0.004018	0	0	0	0	-1.427187	0.377629	130.225723	-0.005690	-0.023656	1.016143	-0.428584	0.038552	-0.158585	-135.313614	-152.484985	-404.933990	-134.966599	-153.202988	-405.811584	1640	1640	1640	1640
1.127231	0.004029	0	0	0	0	-1.425219	0.381391	130.222702	-0.005406	-0.024298	1.016382	0.586416	0.371052	0.051415	-134.393616	-153.398499	-407.009491	-134.938843	-153.170959	-405.743652	1640	1640	1640	1640
1.151868	0.004025	0	0	0	0	-1.427446	0.384081	130.221603	-0.005149	-0.024611	1.016747	-0.166084	0.143552	-0.071085	-134.393616	-153.398499	-404.933990	-134.828278	-153.209808	-405.679688	1640	1640	1640	1640
1.176504	0.004024	0	0	0	0	-1.432946	0.382674	130.221405	-0.004820	-0.024890	1.016844	-0.113584	-0.171448	-0.421085	-134.393616	-153.398499	-404.933990	-134.700989	-153.262863	-405.569153	1640	1640	1640	1640
1.201256	0.004113	0	0	0	0	-1.434183	0.382897	130.220963	-0.004424	-0.025087	1.017152	-0.043584	-0.066447	-0.246085	-135.313614	-154.312027	-405.971741	-134.633102	-153.323807	-405.443726	1640	1640	1640	1640
1.226279	0.004078	0	0	0	0	-1.436354	0.382140	130.223419	-0.003865	-0.025211	1.017172	-0.271084	0.003552	0.418915	-134.393616	-152.484985	-405.971741	-134.612167	-153.390442	-405.385681	1640	1640	1640	1640
1.250959	0.004044	0	0	0	0	-1.436620	0.383070	130.221359	-0.003505	-0.024591	1.017276	-0.131084	0.161052	-0.211085	-135.313614	-153.398499	-403.896210	-134.587784	-153.460648	-405.320984	1640	1640	1640	1640
1.275690	0.004017	0	0	0	0	-1.435898	0.385913	130.217773	-0.003423	-0.023972	1.017336	-0.148584	0.371052	-0.141085	-134.393616	-153.398499	-405.971741	-134.595459	-153.516144	-405.223846	1640	1640	1640	1640
1.300332	0.004022	0	0	0	0	-1.430262	0.384090	130.212723	-0.003419	-0.023286	1.017405	0.183916	-0.066447	-0.368585	-134.393616	-153.398499	-403.896210	-134.628159	-153.591522	-405.143463	1640	1640	1640	1640
1.324957	0.004021	0	0	0	0	-1.428766	0.383199	130.209000	-0.003417	-0.022938	1.016887	-0.026084	-0.083948	-0.053585	-135.313614	-153.398499	-407.009491	-134.668594	-153.639771	-405.080811	1640	1640	1640	1640
1.349612	0.004028	0	0	0	0	-1.426058	0.383092	130.206329	-0.003630	-0.022234	1.016580	-0.358584	0.231052	-0.001085	-134.393616	-153.398499	-405.971741	-134.700272	-153.699265	-405.087433	1640	1640	1640	1640
1.374277	0.004022	0	0	0	0	-1.419872	0.385399	130.204529	-0.003956	-0.021610	1.016298	0.166416	0.266052	-0.246085	-134.393616	-152.484985	-405.971741	-134.698364	-153.698990	-405.158600	1640	1640	1640	1640
1.398898	0.004020	0	0	0	0	-1.412237	0.386423	130.203552	-0.004212	-0.021151	1.016183	-0.061084	-0.083948	0.068915	-134.393616	-153.398499	-404.933990	-134.715179	-153.649384	-405.220856	1640	1640	1640	1640
1.423540	0.004022	0	0	0	0	-1.410347	0.386350	130.199951	-0.004532	-0.020971	1.016501	-0.131084	-0.083948	-0.438585	-135.313614	-154.312027	-405.971741	-134.736343	-153.618668	-405.274841	1640	1640	1640	1640
1.448227	0.004027	0	0	0	0	-1.403056	0.388743	130.198349	-0.004699	-0.020980	1.016992	0.551416	-0.153948	-0.158585	-135.313614	-154.312027	-404.933990	-134.757324	-153.654388	-405.314453	1640	1640	1640	1640
1.472912	0.004023	0	0	0	0	-1.403946	0.385594	130.197693	-0.004837	-0.021240	1.017549	-0.481084	-0.328948	-0.088585	-133.473618	-153.398499	-405.971741	-134.757019	-153.709396	-405.343628	1640	1640	1640	1640
1.498374	0.004022	0	0	0	0	-1.400832	0.382658	130.199326	-0.004987	-0.021476	1.018093	-0.393584	-0.416448	0.313915	-135.313614	-153.398499	-407.009491	-134.711456	-153.724533	-405.479156	1640	1640	1640	1640
1.523279	0.004022	0	0	0	0	-1.396866	0.384997	130.200531	-0.005164	-0.021786	1.018625	-0.166084	0.248553	-0.088585	-136.233612	-153.398499	-404.933990	-134.748123	-153.708511	-405.648041	1640	1640	1640	1640
1.548022	0.004116	0	0	0	0	-1.388920	0.388344	130.199997	-0.005303	-0.021874	1.018780	0.113916	0.178552	-0.018585	-134.393616	-153.398499	-405.971741	-134.838348	-153.670486	-405.676147	1640	1640	1640	1640
1.573120	0.004029	0	0	0	0	-1.386527	0.386847	130.199951	-0.005109	-0.022165	1.019110	-0.148584	-0.013948	0.103915	-134.393616	-153.398499	-405.971741	-134.876541	-153.619171	-405.704865	1640	1640	1640	1640
1.597751	0.004018	0	0	0	0	-1.384189	0.388968	130.201157	-0.005296	-0.022539	1.019353	-0.288584	0.108552	-0.123585	-133.473618	-153.398499	-403.896210	-134.942688	-153.562195	-405.678345	1640	1640	1640	1640
1.622392	0.004031	0	0	0	0	-1.381562	0.387099	130.202408	-0.005541	-0.022327	1.019441	0.026416	0.108552	-0.088585	-135.313614	-152.484985	-404.933990	-134.947266	-153.478333	-405.548523	1640	1640	1640	1640
1.647058	0.004023	0	0	0	0	-1.379964	0.388050	130.199677	-0.005479	-0.022027	1.019137	0.393916	0.091052	-0.438585	-135.313614	-153.398499	-405.971741	-134.981827	-153.341110	-405.459900	1640	1640	1640	1640
1.672135	0.004070	0	0	0	0	-1.379518	0.387439	130.202820	-0.005468	-0.021924	1.018620	0.131416	0.266052	0.033915	-135.313614	-153.398499	-404.933990	-135.035934	-153.235474	-405.405823	1640	1640	1640	1640
1.696941	0.004041	0	0	0	0	-1.374130	0.386190	130.200989	-0.005553	-0.021570	1.018350	0.166416	0.126053	-0.158585	-135.313614	-153.398499	-405.971741	-135.100082	-153.170181	-405.336639	1640	1640	1640	1640
1.721653	0.004036	0	0	0	0	-1.370787	0.385274	130.204239	-0.005486	-0.021143	1.018256	-0.288584	-0.276448	0.243915	-133.473618	-153.398499	-405.971741	-135.111053	-153.140747	-405.329865	1640	1640	1640	1640
1.746366	0.004022	0	0	0	0	-1.367139	0.387041	130.204010	-0.005310	-0.021106	1.018405	0.218916	0.441052	-0.088585	-135.313614	-153.398499	-405.971741	-135.044052	-153.140610	-405.379333	1640	1640	1640	1640
1.771044	0.004025	0	0	0	0	-1.361872	0.388752	130.206741	-0.005444	-0.021278	1.018384	0.166416	0.213552	0.051415	-135.313614	-154.312027	-405.971741	-135.008865	-153.189926	-405.466980	1640	1640	1640	1640
1.795667	0.004023	0	0	0	0	-1.354665	0.387269	130.205658	-0.005345	-0.021407	1.017977	0.253916	0.371052	-0.211085	-135.313614	-154.312027	-407.009491	-134.964493	-153.278336	-405.586700	1640	1640	1640	1640
1.820287	0.004022	0	0	0	0	-1.351975	0.389547	130.206940	-0.005270	-0.021390	1.017704	0.113916	0.196052	-0.316085	-134.393616	-152.484985	-404.933990	-134.925293	-153.369385	-405.725952	1640	1640	1640	1640
1.844919	0.004016	0	0	0	0	-1.349448	0.389093	130.205246	-0.005255	-0.021513	1.017351	0.113916	-0.171448	0.068915	-134.393616	-152.484985	-407.009491	-134.851166	-153.363129	-405.834747	1640	1640	1640	1640
1.869612	0.004047	0	0	0	0	-1.350126	0.387987	130.207916	-0.005137	-0.021402	1.017089	0.061416	-0.118948	0.173915	-135.313614	-153.398499	-404.933990	-134.784805	-153.311920	-405.944702	1640	1640	1640	1640
1.894512	0.004199	0	0	0	0	-1.342395	0.387863	130.206451	-0.005289	-0.021328	1.017068	0.568916	0.336052	-0.071085	-134.393616	-152.484985	-403.896210	-134.726532	-153.228012	-405.881958	1640	1640	1640	1640
1.919420	0.004132	0	0	0	0	-1.338093	0.386188	130.205872	-0.005331	-0.021296	1.017003	0.078916	0.091052	0.016415	-134.393616	-153.398499	-405.971741	-134.654907	-153.129974	-405.730042	1640	1640	1640	1640
1.944045	0.004022	0	0	0	0	-1.336252	0.385159	130.207611	-0.005515	-0.021203	1.017134	0.131416	-0.311448	-0.001085	-135.313614	-154.312027	-405.971741	-134.588852	-153.088806	-405.636993	1640	1640	1640	1640
1.968680	0.004020	0	0	0	0	-1.337996	0.385596	130.211533	-0.005518	-0.021148	1.017364	-0.498584	0.056052	0.278915	-134.393616	-152.484985	-403.896210	-134.565155	-153.098740	-405.533600	1640	1640	1640	1640
1.994189	0.004030	0	0	0	0	-1.337313	0.388352	130.211777	-0.005822	-0.020961	1.017218	-0.026084	0.003552	0.138915	-134.393616	-153.398499	-405.971741	-134.576904	-153.107544	-405.389221	1640	1640	1640	1640
2.018922	0.004022	0	0	0	0	-1.330572	0.387511	130.210602	-0.006195	-0.020410	1.017016	0.586416	-0.398948	-0.071085	-135.313614	-153.398499	-405.971741	-134.605927	-153.138916	-405.321564	1640	1640	1640	1640
2.043590	0.004029	0	0	0	0	-1.320801	0.387720	130.211395	-0.006657	-0.020418	1.017091	0.253916	-0.153948	0.138915	-134.393616	-153.398499	-404.933990	-134.678116	-153.184555	-405.265839	1640	1640	1640	1640
2.068281	0.004033	0	0	0	0	-1.316604	0.392169	130.212112	-0.007157	-0.020498	1.017432	0.131416	0.073552	0.261415	-134.393616	-153.398499	-405.971741	-134.716309	-153.237045	-405.227570	1640	1640	1640	1640
2.093057	0.004028	0	0	0	0	-1.315596	0.397783	130.216949	-0.007450	-0.020655	1.017866	0.026416	0.003552	0.156415	-134.393616	-153.398499	-405.971741	-134.761688	-153.290253	-405.262115	1640	1640	1640	1640
2.117714	0.004024	0	0	0	0	-1.314542	0.401425	130.217850	-0.007595	-0.020146	1.018108	-0.131084	0.143552	-0.176085	-134.393616	-153.398499	-404.933990	-134.772705	-153.339478	-405.317230	1640	1640	1640	1640
2.142366	0.004023	0	0	0	0	-1.310511	0.400595	130.217667	-0.007436	-0.019761	1.018068	0.113916	-0.381447	-0.333585	-135.313614	-152.484985	-404.933990	-134.802444	-153.372040	-405.326691	1640	1640	1640	1640
2.167020	0.004018	0	0	0	0	-1.307666	0.402351	130.218338	-0.006996	-0.019656	1.017988	-0.061084	0.073552	-0.193585	-135.313614	-152.484985	-405.971741	-134.868057	-153.329468	-405.332245	1640	1640	1640	1640
2.191731	0.004031	0	0	0	0	-1.303932	0.404525	130.219513	-0.006336	-0.019511	1.017843	0.271416	0.353552	0.313915	-135.313614	-152.484985	-404.933990	-134.911270	-153.226318	-405.330444	1640	1640	1640	1640
2.216348	0.004025	0	0	0	0	-1.299999	0.403383	130.219879	-0.005764	-0.019001	1.017753	0.026416	0.161052	0.051415	-135.313614	-151.571457	-404.933990	-134.969940	-153.059067	-405.295837	1640	1640	1640	1640
2.241436	0.004140	0	0	0	0	-1.291212	0.400687	130.222855	-0.005341	-0.018892	1.017314	0.201416	0.038552	0.086415	-135.313614	-153.398499	-405.971741	-135.043137	-152.914154	-405.299835	1640	1640	1640	1640
2.266217	0.004021	0	0	0	0	-1.288188	0.396636	130.224045	-0.005238	-0.019057	1.017036	0.078916	-0.013948	-0.246085	-135.313614	-151.571457	-405.971741	-135.121078	-152.791656	-405.360077	1640	1640	1640	1640
2.290904	0.004037	0	0	0	0	-1.287050	0.393564	130.228287	-0.005126	-0.019420	1.017075	-0.166084	-0.066447	0.401415	-135.313614	-153.398499	-405.971741	-135.152176	-152.659363	-405.358521	1640	1640	1640	1640
2.315599	0.004023	0	0	0	0	-1.287299	0.391892	130.235153	-0.005083	-0.019893	1.017158	-0.236084	0.091052	0.208915	-135.313614	-153.398499	-404.933990	-135.181427	-152.614990	-405.360657	1640	1640	1640	1640
2.340229	0.004021	0	0	0	0	-1.285541	0.387835	130.235336	-0.005326	-0.020676	1.017089	0.166416	0.283553	-0.193585	-134.393616	-152.484985	-405.971741	-135.205078	-152.638626	-405.337341	1640	1640	1640	1640
2.364854	0.004023	0	0	0	0	-1.284628	0.383748	130.237808	-0.005733	-0.021690	1.017099	0.218916	0.073552	0.121415	-134.393616	-153.398499	-404.933990	-135.162231	-152.678864	-405.333832	1640	1640	1640	1640
2.389504	0.004020	0	0	0	0	-1.286981	0.382347	130.238770	-0.005957	-0.022631	1.017166	0.218916	-0.066447	0.261415	-135.313614	-152.484985	-404.933990	-135.118668	-152.760544	-405.347351	1640	1640	1640	1640
2.414160	0.004027	0	0	0	0	-1.289937	0.379650	130.240707	-0.005734	-0.023108	1.017075	-0.096084	0.126053	0.051415	-134.393616	-153.398499	-403.896210	-135.074951	-152.833984	-405.300568	1640	1640	1640	1640
2.438796	0.004031	0	0	0	0	-1.294211	0.376429	130.237991	-0.005383	-0.023400	1.017222	-0.446084	-0.398948	-0.403585	-135.313614	-153.398499	-404.933990	-134.994370	-152.980423	-405.207306	1640	1640	1640	1640
2.463445	0.004021	0	0	0	0	-1.295111	0.374073	130.237885	-0.005121	-0.023375	1.017256	0.148916	-0.398948	-0.158585	-135.313614	-152.484985	-404.933990	-134.953140	-153.106064	-405.114563	1640	1640	1640	1640
2.489096	0.004215	0	0	0	0	-1.291611	0.375385	130.241074	-0.004827	-0.023164	1.017154	0.411416	0.528552	0.068915	-133.473618	-152.484985	-404.933990	-134.846024	-153.191498	-405.030243	1640	1640	1640	1640
2.513988	0.004041	0	0	0	0	-1.289906	0.376926	130.242508	-0.004624	-0.022818	1.016905	0.183916	0.143552	0.208915	-134.393616	-153.398499	-405.971741	-134.677643	-153.231308	-404.990479	1640	1640	1640	1640
2.538770	0.004040	0	0	0	0	-1.288723	0.373292	130.240341	-0.004857	-0.022439	1.016864	-0.376084	-0.416448	-0.438585	-134.393616	-153.398499	-405.971741	-134.571396	-153.231918	-405.093475	1640	1640	1640	1640
2.563728	0.004120	0	0	0	0	-1.291093	0.372308	130.240738	-0.005229	-0.021449	1.017110	-0.026084	-0.013948	-0.018585	-134.393616	-153.398499	-405.971741	-134.484833	-153.238831	-405.254242	1640	1640	1640	1640
2.588524	0.004019	0	0	0	0	-1.287660	0.371258	130.238449	-0.005705	-0.020605	1.017378	0.096416	0.266052	0.033915	-135.313614	-153.398499	-404.933990	-134.465775	-153.257721	-405.425140	1640	1640	1640	1640
2.613174	0.004020	0	0	0	0	-1.280209	0.371366	130.237274	-0.005945	-0.020253	1.017423	0.516416	0.178552	-0.508585	-134.393616	-152.484985	-404.933990	-134.495575	-153.256516	-405.521057	1640	1640	1640	1640
2.637851	0.004030	0	0	0	0	-1.276907	0.374056	130.239624	-0.006075	-0.019815	1.017299	0.061416	0.248553	0.033915	-134.393616	-153.398499	-404.933990	-134.509506	-153.243591	-405.494354	1640	1640	1640	1640
2.662489	0.004021	0	0	0	0	-1.271839	0.373279	130.240967	-0.006109	-0.019966	1.017105	-0.043584	-0.188947	-0.053585	-134.393616	-153.398499	-404.933990	-134.510345	-153.247086	-405.418549	1640	1640	1640	1640
2.687127	0.004022	0	0	0	0	-1.273637	0.374346	130.241119	-0.005961	-0.020625	1.017134	-0.166084	-0.048948	0.278915	-134.393616	-153.398499	-405.971741	-134.545105	-153.262604	-405.430786	1640	1640	1640	1640
2.711812	0.004020	0	0	0	0	-1.275473	0.372120	130.244232	-0.005909	-0.021344	1.017092	-0.201084	-0.206448	0.051415	-134.393616	-152.484985	-404.933990	-134.566437	-153.258453	-405.463715	1640	1640	1640	1640
2.736507	0.004028	0	0	0	0	-1.273514	0.371571	130.245270	-0.005660	-0.021913	1.016813	-0.008584	-0.328948	-0.158585	-134.393616	-153.398499	-405.971741	-134.568024	-153.243149	-405.454803	1640	1640	1640	1640
2.761145	0.004025	0	0	0	0	-1.276164	0.371060	130.245270	-0.005306	-0.022437	1.016778	-0.603584	-0.223947	0.033915	-135.313614	-153.398499	-404.933990	-134.582382	-153.244965	-405.452240	1640	1640	1640	1640
2.785777	0.004022	0	0	0	0	-1.279090	0.372417	130.244934	-0.004903	-0.022627	1.017101	-0.061084	0.056052	-0.158585	-135.313614	-152.484985	-405.971741	-134.611252	-153.293533	-405.467224	1640	1640	1640	1640
2.810395	0.004019	0	0	0	0	-1.276368	0.371280	130.243195	-0.004469	-0.023080	1.017545	0.253916	0.038552	-0.246085	-134.393616	-153.398499	-404.933990	-134.656830	-153.304901	-405.490326	1640	1640	1640	1640
2.835056	0.004033	0	0	0	0	-1.276532	0.371104	130.242569	-0.004111	-0.023258	1.017862	0.148916	0.091052	-0.036085	-135.313614	-152.484985	-407.009491	-134.722305	-153.311920	-405.482635	1640	1640	1640	1640
2.859713	0.004021	0	0	0	0	-1.280114	0.368760	130.241302	-0.003762	-0.023082	1.018284	0.271416	-0.013948	-0.316085	-135.313614	-153.398499	-404.933990	-134.821518	-153.282791	-405.526123	1640	1640	1640	1640
2.884540	0.004028	0	0	0	0	-1.280135	0.369409	130.240662	-0.003513	-0.023121	1.018710	0.043916	0.458552	-0.211085	-134.393616	-153.398499	-407.009491	-134.884277	-153.183929	-405.530670	1640	1640	1640	1640
2.909217	0.004041	0	0	0	0	-1.281915	0.365700	130.240707	-0.003446	-0.023281	1.018895	-0.236084	-0.066447	-0.088585	-135.313614	-153.398499	-404.933990	-134.917725	-153.112518	-405.579224	1640	1640	1640	1640
2.934222	0.004151	0	0	0	0	-1.286871	0.359020	130.240173	-0.003483	-0.023510	1.018758	-0.096084	-0.258948	-0.053585	-134.393616	-152.484985	-404.933990	-134.923111	-153.073792	-405.561523	1640	1640	1640	1640
2.959008	0.004027	0	0	0	0	-1.288251	0.357325	130.240265	-0.003436	-0.023827	1.018505	0.008916	0.126053	-0.298585	-134.393616	-153.398499	-407.009491	-134.882660	-153.030518	-405.558075	1640	1640	1640	1640
2.984493	0.004025	0	0	0	0	-1.288538	0.354335	130.240753	-0.003368	-0.023822	1.018181	0.236416	0.161052	-0.071085	-134.393616	-153.398499	-405.971741	-134.811310	-153.029266	-405.519531	1640	1640	1640	1640
3.009125	0.004020	0	0	0	0	-1.294234	0.348545	130.243790	-0.003646	-0.023411	1.018092	0.166416	-0.136448	0.278915	-134.393616	-152.484985	-403.896210	-134.722763	-153.032196	-405.449127	1640	1640	1640	1640
3.033974	0.004023	0	0	0	0	-1.297542	0.346426	130.245651	-0.003879	-0.022933	1.017623	-0.183584	0.056052	0.156415	-135.313614	-153.398499	-404.933990	-134.638336	-152.997879	-405.325684	1640	1640	1640	1640
3.058771	0.004029	0	0	0	0	-1.297576	0.346276	130.246521	-0.003943	-0.022598	1.017247	0.481416	0.493552	-0.421085	-135.313614	-153.398499	-404.933990	-134.624344	-152.998383	-405.200226	1640	1640	1640	1640
3.083408	0.004024	0	0	0	0	-1.294500	0.342210	130.248154	-0.003993	-0.022271	1.016828	0.306416	-0.118948	0.278915	-135.313614	-153.398499	-404.933990	-134.628403	-153.032730	-405.084076	1640	1640	1640	1640
3.108063	0.004038	0	0	0	0	-1.291812	0.336460	130.247650	-0.003893	-0.022134	1.016703	0.428916	-0.258948	-0.106085	-135.313614	-152.484985	-403.896210	-134.681610	-153.062134	-404.953644	1640	1640	1640	1640
3.132794	0.004019	0	0	0	0	-1.293326	0.332308	130.246490	-0.003819	-0.021843	1.016548	-0.078584	-0.486448	-0.176085	-134.393616	-152.484985	-405.971741	-134.721725	-153.079147	-404.837860	1640	1640	1640	1640
3.157445	0.004021	0	0	0	0	-1.287672	0.329010	130.245850	-0.003853	-0.021407	1.016386	0.463916	0.091052	-0.228585	-133.473618	-153.398499	-404.933990	-134.696625	-153.077209	-404.807098	1640	1640	1640	1640
3.182121	0.004023	0	0	0	0	-1.286108	0.328288	130.245758	-0.003902	-0.021220	1.016157	-0.061084	-0.136448	-0.141085	-135.313614	-153.398499	-407.009491	-134.637619	-153.059525	-404.767334	1640	1640	1640	1640
3.206882	0.004025	0	0	0	0	-1.283942	0.331539	130.249374	-0.004239	-0.021123	1.016209	0.393916	0.423552	0.208915	-135.313614	-152.484985	-405.971741	-134.642807	-153.039795	-404.869446	1640	1640	1640	1640
3.231494	0.004023	0	0	0	0	-1.279664	0.329597	130.249924	-0.004807	-0.021029	1.016528	-0.008584	-0.276448	0.191415	-134.393616	-152.484985	-404.933990	-134.650146	-152.978348	-404.979340	1640	1640	1640	1640
3.256775	0.004143	0	0	0	0	-1.279800	0.330944	130.250168	-0.005509	-0.021179	1.016879	-0.131084	0.073552	-0.106085	-134.393616	-153.398499	-405.971741	-134.634155	-152.918182	-405.089508	1640	1640	1640	1640
3.281600	0.004027	0	0	0	0	-1.279613	0.332719	130.249908	-0.006167	-0.021376	1.017324	0.113916	-0.223947	0.033915	-134.393616	-153.398499	-407.009491	-134.645813	-152.913818	-405.257843	1640	1640	1640	1640
3.306234	0.004023	0	0	0	0	-1.275062	0.334232	130.252335	-0.006619	-0.021438	1.017746	0.586416	-0.118948	0.086415	-133.473618	-152.484985	-404.933990	-134.613586	-152.924286	-405.461243	1640	1640	1640	1640
3.331469	0.004025	0	0	0	0	-1.272007	0.336596	130.251572	-0.006814	-0.020952	1.018173	0.078916	0.196052	-0.071085	-134.393616	-153.398499	-405.971741	-134.546692	-152.948242	-405.580322	1640	1640	1640	1640
3.356544	0.004024	0	0	0	0	-1.266817	0.339705	130.253571	-0.006802	-0.020593	1.018615	0.201416	0.301052	-0.141085	-135.313614	-153.398499	-405.971741	-134.511398	-153.004486	-405.694092	1640	1640	1640	1640
3.381313	0.004038	0	0	0	0	-1.267040	0.343122	130.253555	-0.006553	-0.020375	1.019023	-0.253584	-0.241448	-0.036085	-134.393616	-152.484985	-402.858459	-134.499481	-153.070648	-405.672180	1640	1640	1640	1640
3.406004	0.004022	0	0	0	0	-1.262821	0.343267	130.254745	-0.006184	-0.020531	1.019035	0.428916	-0.171448	0.138915	-134.393616	-153.398499	-405.971741	-134.481781	-153.106232	-405.520935	1640	1640	1640	1640
3.430635	0.004023	0	0	0	0	-1.262201	0.345017	130.256073	-0.005647	-0.020785	1.018719	0.236416	0.161052	-0.053585	-134.393616	-153.398499	-405.971741	-134.461273	-153.157730	-405.446045	1640	1640	1640	1640
3.455284	0.004016	0	0	0	0	-1.257878	0.346290	130.256302	-0.005000	-0.021147	1.018901	-0.061084	0.091052	-0.053585	-134.393616	-153.398499	-403.896210	-134.440399	-153.216888	-405.372345	1640	1640	1640	1640
3.480827	0.004029	0	0	0	0	-1.260762	0.348442	130.256897	-0.004734	-0.021462	1.019150	-0.761084	0.213552	0.051415	-135.313614	-154.312027	-405.971741	-134.386719	-153.242676	-405.214447	1640	1640	1640	1640
3.505484	0.004022	0	0	0	0	-1.261732	0.351209	130.256012	-0.005002	-0.021995	1.018898	0.148916	-0.118948	-0.123585	-135.313614	-152.484985	-404.933990	-134.409164	-153.281921	-405.111450	1640	1640	1640	1640
3.530204	0.004035	0	0	0	0	-1.260685	0.351974	130.257690	-0.005494	-0.022636	1.018501	0.306416	0.038552	0.138915	-134.393616	-152.484985	-403.896210	-134.492966	-153.287720	-405.008881	1640	1640	1640	1640
3.555720	0.004021	0	0	0	0	-1.260210	0.350855	130.255936	-0.005984	-0.023087	1.018928	0.096416	-0.206448	-0.298585	-134.393616	-151.571457	-405.971741	-134.555496	-153.204849	-404.909851	1640	1640	1640	1640
3.580569	0.004024	0	0	0	0	-1.258776	0.349001	130.257187	-0.006345	-0.023499	1.019646	0.096416	-0.748948	-0.018585	-134.393616	-153.398499	-404.933990	-134.632721	-153.110886	-404.914825	1640	1640	1640	1640
3.605227	0.004024	0	0	0	0	-1.262267	0.347925	130.254807	-0.006403	-0.023971	1.020293	0.323916	-0.363947	-0.368585	-134.393616	-153.398499	-404.933990	-134.678467	-153.064896	-404.929352	1640	1640	1640	1640
3.629866	0.004021	0	0	0	0	-1.266530	0.349427	130.257370	-0.006026	-0.024553	1.020896	-0.078584	-0.276448	-0.106085	-134.393616	-153.398499	-405.971741	-134.688858	-153.015213	-404.951721	1640	1640	1640	1640
3.654542	0.004017	0	0	0	0	-1.270880	0.347595	130.262924	-0.005497	-0.025526	1.022099	-0.113584	-0.416448	0.751415	-135.313614	-153.398499	-404.933990	-134.699554	-153.002686	-405.015015	1640	1640	1640	1640
3.679392	0.004018	0	0	0	0	-1.282086	0.346548	130.265213	-0.004937	-0.026631	1.022993	-0.113584	-0.363947	-0.001085	-134.393616	-152.484985	-405.971741	-134.706299	-152.973907	-405.116272	1640	1640	1640	1640
3.704119	0.004028	0	0	0	0	-1.288811	0.346122	130.262283	-0.004247	-0.027314	1.023230	0.148916	0.511052	-0.193585	-133.473618	-153.398499	-405.971741	-134.657471	-152.938644	-405.264954	1640	1640	1640	1640
3.728754	0.004034	0	0	0	0	-1.296995	0.344883	130.261337	-0.003907	-0.027713	1.023958	-0.148584	0.056052	-0.316085	-135.313614	-154.312027	-405.971741	-134.583908	-152.917175	-405.436707	1640	1640	1640	1640
3.753456	0.004022	0	0	0	0	-1.305404	0.345642	130.260223	-0.004006	-0.027198	1.024767	-0.218584	0.301052	-0.298585	-134.393616	-152.484985	-404.933990	-134.555038	-152.948502	-405.579895	1640	1640	1640	1640
3.778080	0.004018	0	0	0	0	-1.310912	0.347411	130.259583	-0.004374	-0.026118	1.024901	-0.218584	0.178552	-0.088585	-134.393616	-153.398499	-405.971741	-134.519958	-152.942535	-405.594482	1640	1640	1640	1640
3.802745	0.004023	0	0	0	0	-1.313523	0.349742	130.259872	-0.004883	-0.025475	1.024337	0.061416	0.283553	-0.001085	-134.393616	-152.484985	-405.971741	-134.483185	-152.941513	-405.619934	1640	1640	1640	1640
3.827376	0.004023	0	0	0	0	-1.317000	0.351843	130.260437	-0.005601	-0.024552	1.023002	-0.078584	0.213552	0.261415	-134.393616	-152.484985	-405.971741	-134.492035	-152.902390	-405.619751	1640	1640	1640	1640
3.852011	0.004030	0	0	0	0	-1.322116	0.351916	130.261703	-0.006231	-0.023748	1.021505	-0.376084	-0.503948	-0.211085	-134.393616	-153.398499	-404.933990	-134.498444	-152.865494	-405.609680	1640	1640	1640	1640
3.876703	0.004070	0	0	0	0	-1.320194	0.355234	130.258636	-0.007160	-0.023096	1.020022	-0.026084	0.266052	-0.281085	-134.393616	-153.398499	-404.933990	-134.494568	-152.883057	-405.644318	1640	1640	1640	1640
3.901366	0.004019	0	0	0	0	-1.319273	0.356990	130.257034	-0.007842	-0.022643	1.018648	0.323916	-0.066447	-0.193585	-134.393616	-153.398499	-404.933990	-134.483276	-152.939865	-405.628540	1640	1640	1640	1640
3.926684	0.004032	0	0	0	0	-1.320104	0.361489	130.256943	-0.007943	-0.022534	1.017632	-0.306084	-0.468948	-0.018585	-134.393616	-152.484985	-404.933990	-134.467438	-153.011932	-405.558472	1640	1640	1640	1640
3.951489	0.004028	0	0	0	0	-1.318077	0.364612	130.255096	-0.007510	-0.022490	1.017254	0.061416	-0.013948	0.086415	-135.313614	-152.484985	-405.971741	-134.477158	-153.029465	-405.484711	1640	1640	1640	1640
3.976990	0.004024	0	0	0	0	-1.320747	0.369166	130.255951	-0.006919	-0.022641	1.017131	-0.008584	0.178552	0.121415	-134.393616	-152.484985	-404.933990	-134.501877	-152.996857	-405.460114	1640	1640	1640	1640
4.001877	0.004019	0	0	0	0	-1.320933	0.370598	130.258301	-0.006148	-0.022814	1.016776	-0.428584	0.388552	0.208915	-135.313614	-153.398499	-404.933990	-134.539108	-152.956833	-405.406464	1640	1640	1640	1640
4.026534	0.004030	0	0	0	0	-1.322484	0.372452	130.261597	-0.005163	-0.022938	1.016497	-0.271084	0.038552	0.103915	-134.393616	-153.398499	-405.971741	-134.579239	-152.920715	-405.387024	1640	1640	1640	1640
4.051183	0.004027	0	0	0	0	-1.321203	0.371764	130.262054	-0.004382	-0.022856	1.016322	0.288916	-0.048948	0.033915	-134.393616	-153.398499	-404.933990	-134.593903	-152.926376	-405.390991	1640	1640	1640	1640
4.075844	0.004036	0	0	0	0	-1.323390	0.369762	130.264587	-0.004099	-0.023047	1.016274	0.026416	-0.136448	0.016415	-134.393616	-152.484985	-404.933990	-134.588165	-152.961243	-405.306274	1640	1640	1640	1640
4.100670	0.004107	0	0	0	0	-1.324885	0.367858	130.268005	-0.003835	-0.023306	1.016299	-0.061084	0.283553	0.348915	-135.313614	-153.398499	-405.971741	-134.595230	-152.982574	-405.234100	1640	1640	1640	1640
4.125327	0.004027	0	0	0	0	-1.324829	0.365473	130.267487	-0.003618	-0.023442	1.016591	-0.008584	0.143552	-0.228585	-134.393616	-153.398499	-404.933990	-134.695709	-153.077423	-405.231995	1640	1640	1640	1640
4.151090	0.004064	0	0	0	0	-1.322604	0.365228	130.265488	-0.003447	-0.023478	1.016837	0.078916	0.283553	-0.281085	-135.313614	-152.484985	-404.933990	-134.789169	-153.156235	-405.214630	1640	1640	1640	1640
4.176389	0.004168	0	0	0	0	-1.325459	0.361285	130.266937	-0.003217	-0.023362	1.017252	0.218916	-0.206448	-0.053585	-134.393616	-153.398499	-404.933990	-134.894150	-153.211868	-405.227753	1640	1640	1640	1640
4.201226	0.004036	0	0	0	0	-1.322023	0.357687	130.267670	-0.003003	-0.022979	1.017717	-0.043584	-0.206448	0.243915	-135.313614	-152.484985	-404.933990	-134.966339	-153.242081	-405.221985	1640	1640	1640	1640
4.225926	0.004022	0	0	0	0	-1.323827	0.356475	130.268387	-0.003138	-0.022194	1.017918	0.113916	0.476052	0.033915	-134.393616	-152.484985	-405.971741	-134.996658	-153.200974	-405.204376	1640	1640	1640	1640
4.250588	0.004031	0	0	0	0	-1.323416	0.354591	130.268036	-0.003253	-0.021601	1.018106	-0.166084	0.178552	-0.123585	-134.393616	-153.398499	-405.971741	-134.968552	-153.137299	-405.247650	1640	1640	1640	1640
4.275362	0.004023	0	0	0	0	-1.325861	0.353019	130.268845	-0.003736	-0.021136	1.018433	-0.533584	-0.031447	0.103915	-134.393616	-153.398499	-404.933990	-134.942886	-153.155334	-405.331024	1640	1640	1640	1640
4.300004	0.004028	0	0	0	0	-1.322627	0.353226	130.267731	-0.004498	-0.020847	1.018552	0.043916	0.073552	-0.123585	-134.393616	-153.398499	-404.933990	-134.885345	-153.197479	-405.369263	1640	1640	1640	1640
4.324631	0.004020	0	0	0	0	-1.315629	0.338056	130.270615	-0.005138	-0.020859	1.018588	0.306416	0.196052	0.138915	-133.473618	-153.398499	-404.933990	-134.835144	-153.202744	-405.361420	1640	1640	1640	1640
4.349287	0.004042	0	0	0	0	-1.314515	0.338360	130.272156	-0.005746	-0.021050	1.018431	-0.358584	0.196052	0.243915	-134.393616	-152.484985	-404.933990	-134.726074	-153.188110	-405.319916	1640	1640	1640	1640
4.373994	0.004025	0	0	0	0	-1.310909	0.341009	130.271652	-0.006172	-0.021208	1.018487	-0.288584	0.213552	-0.071085	-134.393616	-154.312027	-404.933990	-134.572571	-153.180344	-405.207306	1640	1640	1640	1640
4.398639	0.004022	0	0	0	0	-1.308280	0.345068	130.276688	-0.006460	-0.021380	1.018384	-0.288584	0.266052	0.313915	-134.393616	-153.398499	-404.933990	-134.434631	-153.235001	-405.091370	1640	1640	1640	1640
4.423258	0.004019	0	0	0	0	-1.306734	0.349047	130.276825	-0.006773	-0.021657	1.017933	0.061416	0.056052	-0.053585	-134.393616	-152.484985	-404.933990	-134.327911	-153.280487	-404.991425	1640	1640	1640	1640
4.447905	0.004031	0	0	0	0	-1.307447	0.353630	130.277725	-0.006872	-0.021726	1.017422	-0.043584	-0.153948	-0.088585	-133.473618	-153.398499	-404.933990	-134.225952	-153.282852	-404.911896	1640	1640	1640	1640
4.473440	0.004026	0	0	0	0	-1.295924	0.358393	130.281250	-0.006631	-0.021629	1.016857	0.603916	-0.048948	-0.018585	-134.393616	-152.484985	-405.971741	-134.183243	-153.328598	-404.865234	1640	1640	1640	1640
4.498117	0.004023	0	0	0	0	-1.294387	0.359233	130.281052	-0.006378	-0.021800	1.016390	-0.096084	-0.066447	0.138915	-135.313614	-154.312027	-404.933990	-134.204666	-153.362350	-404.884094	1640	1640	1640	1640
4.523385	0.004025	0	0	0	0	-1.293885	0.362327	130.282791	-0.006182	-0.022036	1.015866	-0.043584	0.056052	-0.141085	-135.313614	-153.398499	-404.933990	-134.270721	-153.415070	-404.853546	1640	1640	1640	1640
4.548161	0.004027	0	0	0	0	-1.295347	0.362228	130.281616	-0.006114	-0.022228	1.014053	-0.008584	-0.118948	-0.263585	-134.393616	-153.398499	-405.971741	-134.372940	-153.453430	-404.860077	1640	1640	1640	1640
4.573883	0.004029	0	0	0	0	-1.290353	0.366094	130.281174	-0.006144	-0.022433	1.012865	0.306416	0.318552	-0.386085	-133.473618	-152.484985	-404.933990	-134.442017	-153.424789	-404.899048	1640	1640	1640	1640
4.598537	0.004020	0	0	0	0	-1.287338	0.364726	130.279709	-0.005908	-0.022400	1.012280	-0.113584	-0.521447	-0.036085	-134.393616	-153.398499	-404.933990	-134.447784	-153.351547	-404.931488	1640	1640	1640	1640
4.623220	0.004066	0	0	0	0	-1.284446	0.362675	130.278732	-0.005727	-0.021952	1.012389	-0.131084	-0.311448	-0.106085	-135.313614	-152.484985	-405.971741	-134.457275	-153.291321	-405.016632	1640	1640	1640	1640
4.647875	0.004024	0	0	0	0	-1.279868	0.365539	130.279266	-0.005667	-0.020715	1.012813	0.183916	0.178552	0.261415	-134.393616	-152.484985	-404.933990	-134.501389	-153.186066	-405.130341	1640	1640	1640	1640
4.672565	0.004026	0	0	0	0	-1.281157	0.369530	130.281342	-0.005855	-0.019820	1.013673	-0.586084	0.563553	-0.088585	-135.313614	-152.484985	-405.971741	-134.535110	-153.048096	-405.210083	1640	1640	1640	1640
4.697192	0.004023	0	0	0	0	-1.274388	0.372393	130.281006	-0.006218	-0.019329	1.014775	0.306416	-0.188947	-0.106085	-134.393616	-153.398499	-405.971741	-134.590790	-152.924728	-405.325714	1640	1640	1640	1640
4.721824	0.004021	0	0	0	0	-1.266778	0.374305	130.279633	-0.006562	-0.018869	1.015953	-0.288584	0.003552	0.103915	-134.393616	-153.398499	-403.896210	-134.659912	-152.828842	-405.396393	1640	1640	1640	1640
4.746449	0.004018	0	0	0	0	-1.261830	0.374598	130.281296	-0.006364	-0.018435	1.016852	-0.148584	0.353552	-0.246085	-134.393616	-153.398499	-404.933990	-134.697357	-152.797379	-405.363129	1640	1640	1640	1640
4.771144	0.004040	0	0	0	0	-1.253897	0.373146	130.281082	-0.005996	-0.018287	1.017378	0.498916	0.143552	0.278915	-134.393616	-153.398499	-405.971741	-134.743790	-152.824722	-405.362579	1640	1640	1640	1640
4.795823	0.004023	0	0	0	0	-1.245062	0.371028	130.280884	-0.005616	-0.018694	1.017889	0.341416	-0.013948	-0.176085	-135.313614	-152.484985	-405.971741	-134.784805	-152.866425	-405.414124	1640	1640	1640	1640
4.820481	0.004024	0	0	0	0	-1.241208	0.367506	130.280579	-0.005317	-0.019222	1.018415	-0.481084	-0.048948	-0.316085	-135.313614	-152.484985	-404.933990	-134.816544	-152.865677	-405.390747	1640	1640	1640	1640
4.845363	0.004115	0	0	0	0	-1.236519	0.366886	130.284576	-0.005204	-0.019909	1.018676	-0.113584	0.178552	0.051415	-135.313614	-153.398499	-405.971741	-134.874619	-152.860626	-405.357391	1640	1640	1640	1640
4.870419	0.004164	0	0	0	0	-1.234181	0.368172	130.283737	-0.005359	-0.020661	1.018725	0.008916	0.318552	-0.386085	-134.393616	-152.484985	-403.896210	-134.902054	-152.849487	-405.363281	1640	1640	1640	1640
4.895869	0.004199	0	0	0	0	-1.235969	0.368769	130.286316	-0.005540	-0.021462	1.018555	-0.201084	0.091052	-0.123585	-134.393616	-153.398499	-404.933990	-134.879852	-152.837952	-405.293121	1640	1640	1640	1640
4.921498	0.004041	0	0	0	0	-1.239538	0.367205	130.289810	-0.005355	-0.021909	1.018119	-0.183584	0.003552	0.313915	-134.393616	-152.484985	-405.971741	-134.866089	-152.867386	-405.270691	1640	1640	1640	1640
4.946822	0.004219	0	0	0	0	-1.236112	0.365400	130.290924	-0.005072	-0.022496	1.017766	0.971416	0.213552	-0.158585	-135.313614	-154.312027	-404.933990	-134.851608	-152.920166	-405.282227	1640	1640	1640	1640
4.973347	0.004546	0	0	0	0	-1.241152	0.364611	130.290939	-0.004804	-0.022790	1.017335	0.078916	-0.066447	-0.001085	-134.393616	-153.398499	-404.933990	-134.826630	-152.980942	-405.212616	1640	1640	1640	1640
4.999663	0.004044	0	0	0	0	-1.245798	0.360947	130.290619	-0.004994	-0.022815	1.016951	-0.201084	0.493552	0.033915	-135.313614	-152.484985	-405.971741	-134.799149	-153.026718	-405.159607	1640	1640	1640	1640
5.024426	0.004023	0	0	0	0	-1.249101	0.359307	130.293869	-0.005351	-0.022525	1.016697	-0.271084	-0.101448	-0.018585	-134.393616	-152.484985	-403.896210	-134.812607	-153.058960	-405.118042	1640	1640	1640	1640
5.049104	0.004036	0	0	0	0	-1.249221	0.359631	130.294189	-0.005382	-0.022427	1.016604	-0.008584	0.248553	0.033915	-135.313614	-153.398499	-405.971741	-134.823013	-153.070084	-405.055603	1640	1640	1640	1640
5.073821	0.004029	0	0	0	0	-1.252367	0.359417	130.295639	-0.005176	-0.022493	1.016590	0.096416	0.143552	-0.071085	-134.393616	-152.484985	-404.933990	-134.819046	-153.009811	-405.125275	1640	1640	1640	1640
5.098398	0.004019	0	0	0	0	-1.254406	0.360309	130.299576	-0.005348	-0.022338	1.016689	0.183916	0.318552	-0.018585	-134.393616	-154.312027	-404.933990	-134.780334	-152.967529	-405.179565	1640	1640	1640	1640
5.122981	0.004018	0	0	0	0	-1.254313	0.358869	130.301620	-0.005618	-0.022326	1.016924	0.043916	0.231052	0.296415	-135.313614	-152.484985	-405.971741	-134.772110	-152.943527	-405.161255	1640	1640	1640	1640
5.147541	0.004014	0	0	0	0	-1.253618	0.356543	130.303833	-0.006030	-0.022534	1.017185	0.166416	-0.223947	-0.176085	-134.393616	-153.398499	-405.971741	-134.784180	-152.914444	-405.198761	1640	1640	1640	1640
5.172146	0.004039	0	0	0	0	-1.257703	0.355006	130.305603	-0.006113	-0.022919	1.017604	-0.341084	-0.066447	0.016415	-134.393616	-152.484985	-403.896210	-134.760406	-152.924240	-405.172363	1640	1640	1640	1640
5.196800	0.004018	0	0	0	0	-1.262619	0.356649	130.305817	-0.005894	-0.023273	1.017471	0.026416	0.108552	-0.106085	-134.393616	-152.484985	-404.933990	-134.711807	-152.902527	-405.076416	1640	1640	1640	1640
5.221374	0.004018	0	0	0	0	-1.269858	0.354921	130.304855	-0.005647	-0.023333	1.017261	-0.411084	-0.328948	-0.316085	-134.393616	-152.484985	-405.971741	-134.692566	-152.938171	-405.053009	1640	1640	1640	1640
5.245928	0.004016	0	0	0	0	-1.272493	0.351838	130.304108	-0.005314	-0.023434	1.017264	0.183916	-0.083948	-0.368585	-134.393616	-153.398499	-404.933990	-134.660950	-152.969879	-405.082153	1640	1640	1640	1640
5.270493	0.004017	0	0	0	0	-1.275568	0.350560	130.304352	-0.005003	-0.023558	1.017004	-0.131084	-0.206448	-0.036085	-134.393616	-152.484985	-404.933990	-134.571014	-153.020630	-405.141235	1640	1640	1640	1640
5.295093	0.004021	0	0	0	0	-1.279647	0.350139	130.304123	-0.004952	-0.023792	1.016654	-0.131084	-0.066447	-0.106085	-134.393616	-153.398499	-404.933990	-134.480957	-153.048859	-405.177216	1640	1640	1640	1640
5.319664	0.004020	0	0	0	0	-1.277493	0.350391	130.303116	-0.004891	-0.024069	1.016594	0.621416	0.073552	-0.176085	-135.313614	-152.484985	-404.933990	-134.415802	-153.090286	-405.134644	1640	1640	1640	1640
5.344392	0.004016	0	0	0	0	-1.276832	0.351303	130.300049	-0.004734	-0.024476	1.016396	0.043916	-0.083948	-0.316085	-133.473618	-153.398499	-403.896210	-134.379761	-153.105713	-405.046143	1640	1640	1640	1640
5.369220	0.004057	0	0	0	0	-1.274447	0.349316	130.304016	-0.004715	-0.025094	1.016449	0.306416	0.091052	0.033915	-135.313614	-153.398499	-405.971741	-134.339310	-153.142212	-405.003601	1640	1640	1640	1640
5.394128	0.004024	0	0	0	0	-1.279947	0.350756	130.301559	-0.004626	-0.025469	1.016783	0.341416	0.371052	-0.211085	-134.393616	-153.398499	-404.933990	-134.355865	-153.191376	-405.022675	1640	1640	1640	1640
5.418733	0.004019	0	0	0	0	-1.283901	0.348441	130.300262	-0.004744	-0.025518	1.017002	-0.043584	-0.223947	0.051415	-134.393616	-152.484985	-405.971741	-134.371658	-153.236465	-404.991180	1640	1640	1640	1640
5.443311	0.004020	0	0	0	0	-1.291629	0.346996	130.301590	-0.005216	-0.025200	1.017237	-0.306084	-0.048948	-0.036085	-135.313614	-153.398499	-405.971741	-134.413223	-153.242371	-405.033051	1640	1640	1640	1640
5.468741	0.004053	0	0	0	0	-1.296293	0.349140	130.301025	-0.005534	-0.024748	1.017492	-0.218584	0.021052	-0.176085	-134.393616	-153.398499	-405.971741	-134.423401	-153.216675	-405.094696	1640	1640	1640	1640
5.493332	0.004017	0	0	0	0	-1.296782	0.349584	130.301376	-0.005650	-0.024002	1.017601	0.008916	-0.031447	-0.053585	-135.313614	-152.484985	-403.896210	-134.448502	-153.177719	-405.144196	1640	1640	1640	1640
5.517907	0.004021	0	0	0	0	-1.298273	0.351063	130.299896	-0.005715	-0.023180	1.017773	-0.411084	0.108552	-0.106085	-135.313614	-153.398499	-404.933990	-134.496719	-153.143188	-405.136414	1640	1640	1640	1640
5.542466	0.004021	0	0	0	0	-1.296404	0.354881	130.299103	-0.006213	-0.022290	1.018091	0.166416	-0.101448	-0.018585	-134.393616	-153.398499	-404.933990	-134.566544	-153.139053	-405.113892	1640	1640	1640	1640
5.567023	0.004011	0	0	0	0	-1.292188	0.354735	130.298019	-0.006439	-0.021557	1.018080	0.533916	0.178552	-0.123585	-134.393616	-153.398499	-405.971741	-134.604462	-153.158066	-405.092987	1640	1640	1640	1640
5.591648	0.004030	0	0	0	0	-1.290404	0.358466	130.298706	-0.006738	-0.021020	1.017899	-0.026084	0.003552	0.173915	-133.473618	-153.398499	-404.933990	-134.587616	-153.192764	-405.111847	1640	1640	1640	1640
5.616279	0.004016	0	0	0	0	-1.286904	0.359321	130.302841	-0.006882	-0.020780	1.017651	-0.008584	-0.293947	0.191415	-135.313614	-152.484985	-405.971741	-134.543991	-153.139908	-405.122040	1640	1640	1640	1640
5.640917	0.004085	0	0	0	0	-1.285932	0.360953	130.305984	-0.006669	-0.020574	1.017504	0.218916	0.038552	0.348915	-133.473618	-153.398499	-405.971741	-134.513275	-153.064835	-405.192902	1640	1640	1640	1640
5.665596	0.004016	0	0	0	0	-1.281909	0.362572	130.307724	-0.006233	-0.020689	1.017264	-0.306084	0.073552	-0.123585	-134.393616	-152.484985	-405.971741	-134.499786	-153.070984	-405.262726	1640	1640	1640	1640
5.690154	0.004020	0	0	0	0	-1.283117	0.361686	130.308655	-0.005388	-0.021434	1.017097	-0.393584	0.161052	0.121415	-135.313614	-153.398499	-404.933990	-134.516449	-153.069366	-405.335297	1640	1640	1640	1640
5.714733	0.004010	0	0	0	0	-1.283951	0.361262	130.310501	-0.004718	-0.022491	1.016994	-0.078584	0.091052	-0.176085	-134.393616	-152.484985	-404.933990	-134.543152	-153.043167	-405.405548	1640	1640	1640	1640
5.739712	0.004073	0	0	0	0	-1.283828	0.362032	130.308426	-0.004115	-0.023114	1.016711	0.341416	0.231052	-0.456085	-134.393616	-152.484985	-405.971741	-134.550766	-152.976562	-405.458954	1640	1640	1640	1640
5.764360	0.004026	0	0	0	0	-1.283336	0.359117	130.310074	-0.003694	-0.023000	1.016525	0.393916	0.126053	0.296415	-134.393616	-153.398499	-404.933990	-134.543381	-152.938278	-405.532043	1640	1640	1640	1640
5.788952	0.004025	0	0	0	0	-1.279478	0.355566	130.309540	-0.003244	-0.022686	1.016683	0.498916	-0.118948	-0.228585	-134.393616	-152.484985	-404.933990	-134.525391	-152.921143	-405.545624	1640	1640	1640	1640
5.815083	0.004035	0	0	0	0	-1.279593	0.351835	130.309296	-0.003209	-0.022290	1.016925	-0.096084	0.056052	-0.001085	-135.313614	-152.484985	-404.933990	-134.510483	-152.871567	-405.553986	1640	1640	1640	1640
5.839792	0.004030	0	0	0	0	-1.277596	0.345806	130.309433	-0.003541	-0.021716	1.016834	-0.026084	-0.468948	-0.001085	-134.393616	-152.484985	-403.896210	-134.531799	-152.801941	-405.486053	1640	1640	1640	1640
5.864453	0.004026	0	0	0	0	-1.274156	0.342393	130.308350	-0.003788	-0.021271	1.016558	0.078916	0.161052	-0.246085	-135.313614	-153.398499	-405.971741	-134.589615	-152.732651	-405.372314	1640	1640	1640	1640
5.889577	0.004018	0	0	0	0	-1.272887	0.342833	130.305252	-0.004027	-0.021281	1.016298	-0.201084	0.371052	0.156415	-134.393616	-152.484985	-404.933990	-134.666580	-152.701797	-405.298035	1640	1640	1640	1640
5.914174	0.004017	0	0	0	0	-1.271718	0.342205	130.307739	-0.004406	-0.021154	1.015937	-0.113584	0.021052	-0.036085	-133.473618	-152.484985	-404.933990	-134.691833	-152.703995	-405.261444	1640	1640	1640	1640
5.938744	0.004015	0	0	0	0	-1.270644	0.342639	130.308304	-0.005028	-0.020601	1.016242	-0.236084	0.266052	0.121415	-135.313614	-153.398499	-404.933990	-134.671204	-152.722595	-405.215668	1640	1640	1640	1640
5.964170	0.004025	0	0	0	0	-1.268484	0.339164	130.310226	-0.005517	-0.020442	1.016819	0.026416	-0.083948	-0.228585	-135.313614	-153.398499	-405.971741	-134.666367	-152.793793	-405.218323	1640	1640	1640	1640
5.988765	0.004017	0	0	0	0	-1.265238	0.340835	130.312469	-0.006126	-0.020354	1.017144	-0.096084	0.336052	-0.053585	-134.393616	-152.484985	-403.896210	-134.681992	-152.870941	-405.222229	1640	1640	1640	1640
6.013491	0.004077	0	0	0	0	-1.259283	0.345024	130.313416	-0.006478	-0.020685	1.017098	-0.096084	0.336052	0.331415	-134.393616	-152.484985	-404.933990	-134.713379	-152.896423	-405.124512	1640	1640	1640	1640
6.038725	0.004017	0	0	0	0	-1.259141	0.349537	130.313614	-0.006379	-0.021361	1.016899	-0.323584	0.073552	-0.176085	-134.393616	-151.571457	-404.933990	-134.717987	-152.853546	-405.026611	1640	1640	1640	1640
6.063487	0.004090	0	0	0	0	-1.257972	0.350187	130.314499	-0.006102	-0.021889	1.016832	0.358916	0.056052	-0.158585	-135.313614	-152.484985	-403.896210	-134.703781	-152.809830	-404.984589	1640	1640	1640	1640
6.088077	0.004037	0	0	0	0	-1.257147	0.352673	130.315781	-0.005882	-0.022173	1.016859	0.061416	-0.048948	0.086415	-134.393616	-153.398499	-405.971741	-134.709259	-152.785049	-404.941956	1640	1640	1640	1640
6.112716	0.004014	0	0	0	0	-1.255851	0.354046	130.316925	-0.005661	-0.022425	1.016878	0.026416	0.143552	-0.071085	-134.393616	-153.398499	-404.933990	-134.686951	-152.818405	-404.937256	1640	1640	1640	1640
6.137300	0.004018	0	0	0	0	-1.256278	0.353980	130.317856	-0.005550	-0.022750	1.016670	-0.481084	-0.031447	-0.281085	-134.393616	-152.484985	-403.896210	-134.645615	-152.865158	-404.902740	1640	1640	1640	1640
6.161868	0.004018	0	0	0	0	-1.253561	0.350771	130.321243	-0.005395	-0.022984	1.016731	0.008916	-0.118948	0.331415	-135.313614	-153.398499	-404.933990	-134.603073	-152.921280	-404.803192	1640	1640	1640	1640
6.186441	0.004022	0	0	0	0	-1.256044	0.350681	130.324188	-0.005014	-0.023438	1.016793	0.096416	-0.118948	0.366415	-134.393616	-153.398499	-405.971741	-134.595795	-153.003830	-404.762299	1640	1640	1640	1640
6.211070	0.004032	0	0	0	0	-1.261876	0.349676	130.326721	-0.004804	-0.023483	1.016964	-0.936084	-0.066447	0.401415	-133.473618	-152.484985	-404.933990	-134.563873	-153.046188	-404.823639	1640	1640	1640	1640
6.235979	0.004181	0	0	0	0	-1.266913	0.348427	130.328049	-0.004605	-0.023402	1.017080	-0.341084	-0.223947	0.523915	-134.393616	-153.398499	-404.933990	-134.483490	-153.058167	-404.888123	1640	1640	1640	1640
6.260664	0.004020	0	0	0	0	-1.269307	0.348295	130.331253	-0.004449	-0.023443	1.017421	0.078916	-0.048948	0.156415	-135.313614	-152.484985	-407.009491	-134.425369	-153.086578	-404.962372	1640	1640	1640	1640
6.285263	0.004023	0	0	0	0	-1.271878	0.349799	130.329391	-0.004523	-0.023156	1.017710	-0.043584	0.213552	-0.088585	-134.393616	-153.398499	-405.971741	-134.421417	-153.092484	-405.142487	1640	1640	1640	1640
6.309822	0.004018	0	0	0	0	-1.270696	0.347783	130.330948	-0.004413	-0.022500	1.017881	-0.271084	0.021052	-0.001085	-134.393616	-153.398499	-404.933990	-134.416306	-153.079391	-405.238373	1640	1640	1640	1640
6.334379	0.004016	0	0	0	0	-1.268906	0.348025	130.333893	-0.004219	-0.021992	1.017933	0.323916	0.143552	0.296415	-135.313614	-152.484985	-404.933990	-134.438370	-153.061447	-405.276031	1640	1640	1640	1640
6.359157	0.004013	0	0	0	0	-1.265762	0.344917	130.329544	-0.004183	-0.022017	1.017813	0.253916	-0.118948	-0.438585	-134.393616	-153.398499	-405.971741	-134.475677	-153.052505	-405.286469	1640	1640	1640	1640
6.383812	0.004025	0	0	0	0	-1.267164	0.344456	130.327240	-0.004426	-0.022120	1.017615	-0.236084	-0.206448	-0.123585	-134.393616	-152.484985	-403.896210	-134.496948	-153.047791	-405.281464	1640	1640	1640	1640
6.408401	0.004035	0	0	0	0	-1.264794	0.343704	130.329956	-0.004695	-0.022161	1.017669	-0.323584	0.073552	0.523915	-134.393616	-152.484985	-405.971741	-134.504364	-152.953430	-405.281586	1640	1640	1640	1640
6.433373	0.004067	0	0	0	0	-1.265353	0.343609	130.333328	-0.004985	-0.022096	1.017340	0.078916	0.091052	0.033915	-135.313614	-152.484985	-404.933990	-134.528412	-152.835373	-405.309174	1640	1640	1640	1640
6.458744	0.004019	0	0	0	0	-1.265385	0.345728	130.337311	-0.005167	-0.022202	1.017097	0.008916	-0.486448	0.243915	-135.313614	-153.398499	-405.971741	-134.569138	-152.726959	-405.260010	1640	1640	1640	1640
6.483320	0.004017	0	0	0	0	-1.266164	0.345165	130.334000	-0.005547	-0.022315	1.017045	-0.236084	-0.013948	-0.263585	-135.313614	-152.484985	-404.933990	-134.654877	-152.667206	-405.234772	1640	1640	1640	1640
6.507915	0.004024	0	0	0	0	-1.265636	0.347003	130.332718	-0.005798	-0.022367	1.017118	-0.236084	0.108552	-0.141085	-133.473618	-152.484985	-403.896210	-134.755890	-152.650726	-405.229553	1640	1640	1640	1640
6.532485	0.004015	0	0	0	0	-1.268642	0.347552	130.332382	-0.005609	-0.022801	1.017065	-0.498584	0.003552	-0.071085	-134.393616	-152.484985	-403.896210	-134.766846	-152.632370	-405.131226	1640	1640	1640	1640
6.557086	0.004061	0	0	0	0	-1.269737	0.344016	130.333176	-0.005418	-0.022884	1.016750	-0.131084	0.056052	-0.018585	-133.473618	-154.312027	-405.971741	-134.777939	-152.668762	-405.074005	1640	1640	1640	1640
6.581679	0.004016	0	0	0	0	-1.270810	0.343476	130.331757	-0.005455	-0.022409	1.016297	-0.043584	-0.101448	-0.368585	-134.393616	-153.398499	-404.933990	-134.719620	-152.799820	-405.076080	1640	1640	1640	1640
6.606314	0.004021	0	0	0	0	-1.266629	0.347722	130.331238	-0.005545	-0.022111	1.015754	0.533916	0.371052	0.191415	-134.393616	-153.398499	-405.971741	-134.692413	-152.948822	-405.027588	1640	1640	1640	1640
6.631516	0.004050	0	0	0	0	-1.265049	0.345885	130.330673	-0.005478	-0.021632	1.015489	0.026416	-0.311448	0.313915	-134.393616	-153.398499	-404.933990	-134.654846	-153.098740	-405.022369	1640	1640	1640	1640
6.656222	0.004020	0	0	0	0	-1.262201	0.346154	130.332367	-0.005196	-0.021367	1.015229	0.113916	0.091052	-0.071085	-135.313614	-152.484985	-403.896210	-134.658127	-153.140076	-405.000641	1640	1640	1640	1640
6.680882	0.004027	0	0	0	0	-1.261503	0.345238	130.329803	-0.005142	-0.021117	1.014903	-0.288584	-0.136448	-0.141085	-133.473618	-154.312027	-404.933990	-134.660736	-153.162949	-404.931610	1640	1640	1640	1640
6.705537	0.004032	0	0	0	0	-1.261361	0.345083	130.330688	-0.005186	-0.020963	1.014700	-0.621084	-0.013948	0.243915	-134.393616	-153.398499	-405.971741	-134.659760	-153.224304	-404.940552	1640	1640	1640	1640
6.730163	0.004020	0	0	0	0	-1.258447	0.347385	130.330414	-0.004932	-0.020881	1.014864	0.043916	0.073552	-0.106085	-133.473618	-153.398499	-405.971741	-134.616943	-153.285187	-405.034668	1640	1640	1640	1640
6.754741	0.004016	0	0	0	0	-1.257065	0.346871	130.330719	-0.004512	-0.021271	1.015415	0.166416	-0.083948	-0.106085	-134.393616	-153.398499	-405.971741	-134.541809	-153.297089	-405.086029	1640	1640	1640	1640
6.780078	0.004022	0	0	0	0	-1.254704	0.347392	130.332352	-0.004278	-0.021986	1.016377	0.323916	0.056052	0.401415	-134.393616	-153.398499	-404.933990	-134.473175	-153.306870	-405.150848	1640	1640	1640	1640
6.804785	0.004061	0	0	0	0	-1.255094	0.343152	130.331223	-0.004333	-0.022487	1.017665	0.166416	-0.048948	-0.403585	-134.393616	-152.484985	-403.896210	-134.415253	-153.269104	-405.170654	1640	1640	1640	1640
6.829403	0.004035	0	0	0	0	-1.254901	0.339848	130.331375	-0.004342	-0.022763	1.018714	0.358916	0.021052	-0.071085	-135.313614	-152.484985	-403.896210	-134.397842	-153.174774	-405.087189	1640	1640	1640	1640
6.854016	0.004020	0	0	0	0	-1.251323	0.339966	130.327484	-0.004477	-0.022985	1.019192	0.236416	0.143552	-0.561085	-134.393616	-153.398499	-405.971741	-134.408966	-153.098953	-405.044769	1640	1640	1640	1640
6.878587	0.004018	0	0	0	0	-1.250085	0.338200	130.324951	-0.004646	-0.023020	1.019291	-0.113584	0.021052	-0.176085	-134.393616	-153.398499	-404.933990	-134.416214	-153.067581	-405.060425	1640	1640	1640	1640
6.903174	0.004020	0	0	0	0	-1.251335	0.339458	130.324768	-0.004764	-0.023000	1.019004	-0.148584	0.248553	0.103915	-134.393616	-152.484985	-405.971741	-134.419907	-153.019165	-405.023285	1640	1640	1640	1640
6.927820	0.004021	0	0	0	0	-1.249673	0.341026	130.324768	-0.004861	-0.022826	1.018299	-0.411084	-0.013948	-0.228585	-134.393616	-153.398499	-404.933990	-134.420654	-152.965378	-405.026947	1640	1640	1640	1640
6.953192	0.004019	0	0	0	0	-1.251025	0.342762	130.322983	-0.005160	-0.022466	1.017631	-0.393584	0.353552	-0.193585	-134.393616	-152.484985	-404.933990	-134.462952	-152.908829	-404.972778	1640	1640	1640	1640
6.977755	0.004016	0	0	0	0	-1.245693	0.345332	130.319244	-0.005329	-0.022176	1.017149	0.551416	0.371052	-0.298585	-134.393616	-152.484985	-403.896210	-134.496918	-152.830780	-404.889099	1640	1640	1640	1640
7.002321	0.004014	0	0	0	0	-1.245942	0.346993	130.317474	-0.005338	-0.022418	1.017622	-0.778584	-0.066447	-0.333585	-134.393616	-152.484985	-405.971741	-134.513855	-152.743210	-404.863342	1640	1640	1640	1640
7.026932	0.004036	0	0	0	0	-1.247656	0.347465	130.320862	-0.005393	-0.022461	1.018296	-0.376084	0.091052	0.208915	-134.393616	-153.398499	-405.971741	-134.516571	-152.683380	-404.938049	1640	1640	1640	1640
7.051594	0.004021	0	0	0	0	-1.249166	0.342214	130.321548	-0.005183	-0.022410	1.018989	-0.096084	-0.293947	-0.141085	-134.393616	-154.312027	-404.933990	-134.508423	-152.708633	-404.972107	1640	1640	1640	1640
7.076198	0.004023	0	0	0	0	-1.248484	0.339408	130.321121	-0.004919	-0.022258	1.019559	-0.008584	-0.486448	-0.106085	-134.393616	-153.398499	-404.933990	-134.492798	-152.827972	-404.985992	1640	1640	1640	1640
7.100770	0.004018	0	0	0	0	-1.244233	0.337939	130.320419	-0.004582	-0.021987	1.019912	0.043916	0.056052	-0.176085	-135.313614	-153.398499	-403.896210	-134.482483	-152.922318	-405.031158	1640	1640	1640	1640
7.125354	0.004015	0	0	0	0	-1.239882	0.338706	130.320114	-0.004564	-0.021629	1.019991	-0.008584	0.196052	0.243915	-134.393616	-153.398499	-404.933990	-134.509628	-153.025589	-405.018707	1640	1640	1640	1640
7.150022	0.004107	0	0	0	0	-1.239684	0.337280	130.324127	-0.004483	-0.021494	1.019988	-0.061084	0.108552	0.121415	-135.313614	-152.484985	-405.971741	-134.573761	-153.081772	-404.964050	1640	1640	1640	1640
7.174954	0.004089	0	0	0	0	-1.238404	0.336947	130.326508	-0.004201	-0.021402	1.019986	0.113916	0.073552	-0.123585	-133.473618	-153.398499	-404.933990	-134.629150	-153.101151	-404.959625	1640	1640	1640	1640
7.199512	0.004018	0	0	0	0	-1.231570	0.338298	130.326157	-0.003860	-0.021101	1.019842	0.428916	-0.048948	-0.316085	-136.233612	-153.398499	-404.933990	-134.645706	-153.140945	-404.954437	1640	1640	1640	1640
7.224084	0.004017	0	0	0	0	-1.231604	0.333740	130.324356	-0.003733	-0.020973	1.019666	-0.148584	-0.118948	-0.281085	-134.393616	-153.398499	-404.933990	-134.721436	-153.192719	-404.949219	1640	1640	1640	1640
7.248752	0.004024	0	0	0	0	-1.230943	0.333457	130.325134	-0.003810	-0.021068	1.019414	-0.043584	0.178552	0.593915	-133.473618	-152.484985	-404.933990	-134.697296	-153.239639	-404.944397	1640	1640	1640	1640
7.273350	0.004020	0	0	0	0	-1.228092	0.328733	130.328384	-0.003840	-0.021466	1.019162	0.043916	-0.293947	0.173915	-134.393616	-153.398499	-405.971741	-134.603638	-153.246567	-404.971466	1640	1640	1640	1640
7.297938	0.004024	0	0	0	0	-1.226647	0.328475	130.329269	-0.004148	-0.022429	1.018501	0.323916	-0.083948	-0.036085	-135.313614	-153.398499	-405.971741	-134.481522	-153.264816	-405.076782	1640	1640	1640	1640
7.322502	0.004011	0	0	0	0	-1.227925	0.325660	130.327240	-0.004588	-0.023046	1.017741	0.078916	-0.188947	-0.526085	-133.473618	-152.484985	-403.896210	-134.389343	-153.262512	-405.169495	1640	1640	1640	1640
7.347086	0.004015	0	0	0	0	-1.230549	0.327186	130.323578	-0.004982	-0.023442	1.017057	0.113916	0.423552	-0.386085	-134.393616	-152.484985	-403.896210	-134.252579	-153.151794	-405.132080	1640	1640	1640	1640
7.371676	0.004020	0	0	0	0	-1.236497	0.330733	130.323196	-0.005415	-0.023515	1.016605	-0.341084	0.178552	-0.263585	-134.393616	-152.484985	-405.971741	-134.154266	-153.004822	-405.062531	1640	1640	1640	1640
7.396257	0.004024	0	0	0	0	-1.240209	0.330128	130.319504	-0.005616	-0.023285	1.016150	-0.078584	-0.136448	-0.368585	-133.473618	-152.484985	-404.933990	-134.091476	-152.850876	-405.027435	1640	1640	1640	1640
7.421608	0.004017	0	0	0	0	-1.240154	0.332210	130.320465	-0.005712	-0.023060	1.016057	0.043916	0.213552	-0.176085	-135.313614	-152.484985	-404.933990	-134.055527	-152.704681	-404.993500	1640	1640	1640	1640
7.446446	0.004226	0	0	0	0	-1.240574	0.332204	130.319946	-0.005789	-0.022926	1.016134	0.306416	0.038552	-0.071085	-134.393616	-152.484985	-405.971741	-134.125488	-152.620193	-405.023590	1640	1640	1640	1640
7.471239	0.004030	0	0	0	0	-1.243705	0.332157	130.318909	-0.005548	-0.022491	1.016435	-0.341084	0.073552	0.121415	-134.393616	-153.398499	-405.971741	-134.208710	-152.580887	-405.126648	1640	1640	1640	1640
7.495920	0.004026	0	0	0	0	-1.247543	0.333815	130.317963	-0.005350	-0.022013	1.016629	-0.603584	0.353552	0.226415	-135.313614	-152.484985	-405.971741	-134.252640	-152.567703	-405.226440	1640	1640	1640	1640
7.521341	0.004022	0	0	0	0	-1.247802	0.334591	130.318893	-0.005238	-0.022052	1.016963	-0.166084	0.073552	0.033915	-134.393616	-153.398499	-405.971741	-134.331909	-152.578522	-405.355804	1640	1640	1640	1640
7.546066	0.004051	0	0	0	0	-1.248739	0.334762	130.321533	-0.005195	-0.021970	1.017614	-0.323584	-0.101448	0.208915	-133.473618	-153.398499	-405.971741	-134.387192	-152.656036	-405.505219	1640	1640	1640	1640
7.570667	0.004025	0	0	0	0	-1.245306	0.334864	130.321198	-0.005364	-0.021817	1.017646	0.218916	0.301052	-0.158585	-133.473618	-153.398499	-403.896210	-134.359497	-152.777054	-405.594879	1640	1640	1640	1640
7.595239	0.004022	0	0	0	0	-1.242935	0.334569	130.322083	-0.005290	-0.021557	1.017591	-0.358584	0.003552	0.418915	-134.393616	-152.484985	-404.933990	-134.317535	-152.910995	-405.579376	1640	1640	1640	1640
7.619829	0.004019	0	0	0	0	-1.239462	0.333480	130.323883	-0.004829	-0.021138	1.017318	0.306416	-0.013948	0.173915	-134.393616	-152.484985	-404.933990	-134.292755	-152.983459	-405.513672	1640	1640	1640	1640
7.644400	0.004039	0	0	0	0	-1.237570	0.332160	130.323868	-0.004259	-0.020852	1.017033	-0.621084	-0.083948	0.226415	-134.393616	-152.484985	-404.933990	-134.326721	-152.952316	-405.316986	1640	1640	1640	1640
7.669086	0.004014	0	0	0	0	-1.233466	0.330669	130.325607	-0.003658	-0.020952	1.017102	0.428916	0.336052	0.138915	-134.393616	-152.484985	-405.971741	-134.365875	-152.881821	-405.150879	1640	1640	1640	1640
7.693677	0.004021	0	0	0	0	-1.228519	0.327319	130.327972	-0.003089	-0.021466	1.017321	-0.183584	0.021052	0.156415	-133.473618	-152.484985	-403.896210	-134.432037	-152.795609	-405.024994	1640	1640	1640	1640
7.718237	0.004021	0	0	0	0	-1.232657	0.321719	130.328171	-0.002750	-0.021982	1.017599	-0.691084	0.126053	0.226415	-134.393616	-152.484985	-403.896210	-134.444260	-152.704880	-404.844635	1640	1640	1640	1640
7.742802	0.004014	0	0	0	0	-1.233676	0.321265	130.328903	-0.003093	-0.022168	1.018006	-0.183584	0.178552	0.366415	-134.393616	-152.484985	-404.933990	-134.493134	-152.618439	-404.640594	1640	1640	1640	1640
7.767365	0.004016	0	0	0	0	-1.234391	0.322561	130.330246	-0.004060	-0.022027	1.018226	-0.008584	0.196052	0.261415	-133.473618	-152.484985	-403.896210	-134.501740	-152.542572	-404.472839	1640	1640	1640	1640
7.791941	0.004018	0	0	0	0	-1.237609	0.320148	130.331512	-0.004919	-0.022227	1.018700	-0.358584	-0.188947	0.068915	-134.393616	-153.398499	-404.933990	-134.474945	-152.490524	-404.359100	1640	1640	1640	1640
7.816537	0.004024	0	0	0	0	-1.235334	0.319358	130.330551	-0.005497	-0.022480	1.018854	-0.061084	-0.083948	0.068915	-133.473618	-153.398499	-404.933990	-134.420532	-152.520615	-404.322906	1640	1640	1640	1640
7.841249	0.004014	0	0	0	0	-1.233493	0.319515	130.331940	-0.006026	-0.022852	1.018536	-0.043584	-0.066447	0.033915	-134.393616	-153.398499	-403.896210	-134.397064	-152.617554	-404.336975	1640	1640	1640	1640
7.866360	0.004059	0	0	0	0	-1.236001	0.319685	130.331436	-0.006257	-0.023214	1.018257	-0.166084	-0.066447	0.261415	-134.393616	-152.484985	-404.933990	-134.387268	-152.729019	-404.350800	1640	1640	1640	1640
7.890977	0.004010	0	0	0	0	-1.241490	0.325008	130.331070	-0.006805	-0.023140	1.018261	-0.096084	0.318552	-0.053585	-133.473618	-152.484985	-405.971741	-134.414917	-152.835739	-404.421509	1640	1640	1640	1640
7.916656	0.004119	0	0	0	0	-1.242981	0.328417	130.330200	-0.007533	-0.023108	1.018382	0.148916	-0.223947	0.033915	-134.393616	-153.398499	-407.009491	-134.399734	-152.921631	-404.628296	1640	1640	1640	1640
7.941275	0.004021	0	0	0	0	-1.230000	0.335007	130.333328	-0.007890	-0.023023	1.018334	-0.043584	0.126053	0.383915	-135.313614	-152.484985	-405.971741	-134.353714	-153.017044	-404.875275	1640	1640	1640	1640
7.965845	0.004014	0	0	0	0	-1.231783	0.341231	130.331543	-0.008219	-0.022963	1.017914	0.253916	0.266052	0.191415	-133.473618	-153.398499	-404.933990	-134.329330	-153.079071	-405.113403	1640	1640	1640	1640
7.990589	0.004019	0	0	0	0	-1.227908	0.346975	130.332153	-0.008623	-0.022632	1.017716	0.358916	-0.118948	0.086415	-134.393616	-152.484985	-404.933990	-134.248444	-153.143265	-405.326691	1640	1640	1640	1640
8.015174	0.004021	0	0	0	0	-1.226128	0.353712	130.331177	-0.008412	-0.022303	1.017564	0.113916	0.178552	-0.001085	-134.393616	-152.484985	-405.971741	-134.192398	-153.143814	-405.494019	1640	1640	1640	1640
8.039765	0.004022	0	0	0	0	-1.225332	0.357270	130.332642	-0.007626	-0.022204	1.017361	0.096416	0.038552	0.348915	-133.473618	-153.398499	-404.933990	-134.158020	-153.141754	-405.600128	1640	1640	1640	1640
8.064888	0.004036	0	0	0	0	-1.221784	0.359932	130.328873	-0.006656	-0.022136	1.017510	0.148916	0.266052	-0.211085	-134.393616	-152.484985	-404.933990	-134.110168	-153.134583	-405.623688	1640	1640	1640	1640
8.089502	0.004016	0	0	0	0	-1.220272	0.360103	130.327621	-0.006127	-0.021778	1.017805	-0.043584	0.091052	-0.141085	-133.473618	-151.571457	-404.933990	-134.088898	-153.108566	-405.534088	1640	1640	1640	1640
8.114142	0.004015	0	0	0	0	-1.214876	0.363727	130.327698	-0.005537	-0.021407	1.018277	0.288916	0.423552	0.016415	-134.393616	-152.484985	-404.933990	-134.056702	-153.002579	-405.407806	1640	1640	1640	1640
8.138777	0.004021	0	0	0	0	-1.212960	0.363147	130.329315	-0.005072	-0.021173	1.018632	0.201416	-0.118948	0.261415	-133.473618	-152.484985	-404.933990	-134.051697	-152.879608	-405.224121	1640	1640	1640	1640
8.163345	0.004018	0	0	0	0	-1.211137	0.362660	130.327713	-0.004489	-0.021379	1.018903	-0.078584	0.178552	-0.001085	-134.393616	-153.398499	-404.933990	-134.034851	-152.781723	-405.053406	1640	1640	1640	1640
8.187914	0.004017	0	0	0	0	-1.210557	0.363120	130.331772	-0.004056	-0.021337	1.019009	0.323916	0.266052	0.121415	-135.313614	-152.484985	-407.009491	-134.062302	-152.707596	-404.937225	1640	1640	1640	1640
8.212482	0.004014	0	0	0	0	-1.211699	0.360055	130.332214	-0.003675	-0.021118	1.018788	-0.043584	-0.031447	-0.018585	-134.393616	-153.398499	-403.896210	-134.153168	-152.660858	-404.914398	1640	1640	1640	1640
8.237071	0.004024	0	0	0	0	-1.213239	0.358856	130.336380	-0.003742	-0.020979	1.018440	-0.393584	0.266052	0.523915	-133.473618	-153.398499	-405.971741	-134.232254	-152.644806	-404.882812	1640	1640	1640	1640
8.261852	0.004222	0	0	0	0	-1.215523	0.354767	130.335205	-0.004176	-0.020861	1.017922	-0.078584	-0.311448	0.208915	-135.313614	-152.484985	-404.933990	-134.290848	-152.661362	-404.911591	1640	1640	1640	1640
